elementary:   

0  1  0  
1  0  0  
0  0  1  


matrix:   

-1  -2  5  
4  -1  1  
1  6  2  


result:   

4  -1  1  
-1  -2  5  
1  6  2  


elementary:   

0.25  0  0  
0  1  0  
0  0  1  


matrix:   

4  -1  1  
-1  -2  5  
1  6  2  


result:   

1.0  -0.25  0.25  
-1  -2  5  
1  6  2  


elementary:   

1  0  0  
1.0  1  0  
0  0  1  


matrix:   

1.0  -0.25  0.25  
-1  -2  5  
1  6  2  


result:   

1.0  -0.25  0.25  
0.0  -2.25  5.25  
1.0  6.0  2.0  


elementary:   

1  0  0  
0  1  0  
-1.0  0  1  


matrix:   

1.0  -0.25  0.25  
0.0  -2.25  5.25  
1.0  6.0  2.0  


result:   

1.0  -0.25  0.25  
0.0  -2.25  5.25  
0.0  6.25  1.75  


elementary:   

1  0  0  
0  0  1  
0  1  0  


matrix:   

1.0  -0.25  0.25  
0.0  -2.25  5.25  
0.0  6.25  1.75  


result:   

1.0  -0.25  0.25  
0.0  6.25  1.75  
0.0  -2.25  5.25  


elementary:   

1  0  0  
0  0.16  0  
0  0  1  


matrix:   

1.0  -0.25  0.25  
0.0  6.25  1.75  
0.0  -2.25  5.25  


result:   

1.0  -0.25  0.25  
0.0  1.0  0.28  
0.0  -2.25  5.25  


elementary:   

1  0  0  
0  1  0  
0  2.25  1  


matrix:   

1.0  -0.25  0.25  
0.0  1.0  0.28  
0.0  -2.25  5.25  


result:   

1.0  -0.25  0.25  
0.0  1.0  0.28  
0.0  0.0  5.88  


elementary:   

1  0  0  
0  1  0  
0  0  1  


matrix:   

1.0  -0.25  0.25  
0.0  1.0  0.28  
0.0  0.0  5.88  


result:   

1.0  -0.25  0.25  
0.0  1.0  0.28  
0.0  0.0  5.88  


elementary:   

1  0  0  
0  1  0  
0  0  0.17006802721088435  


matrix:   

1.0  -0.25  0.25  
0.0  1.0  0.28  
0.0  0.0  5.88  


result:   

1.0  -0.25  0.25  
0.0  1.0  0.28  
0.0  0.0  1.0  


elementary:   

1  0  0  
0  1  -0.28  
0  0  1  


matrix:   

1.0  -0.25  0.25  
0.0  1.0  0.28  
0.0  0.0  1.0  


result:   

1.0  -0.25  0.25  
0.0  1.0  0.0  
0.0  0.0  1.0  


elementary:   

1  0  -0.25  
0  1  0  
0  0  1  


matrix:   

1.0  -0.25  0.25  
0.0  1.0  0.0  
0.0  0.0  1.0  


result:   

1.0  -0.25  0.0  
0.0  1.0  0.0  
0.0  0.0  1.0  


elementary:   

1  0.25  0  
0  1  0  
0  0  1  


matrix:   

1.0  -0.25  0.0  
0.0  1.0  0.0  
0.0  0.0  1.0  


result:   

1.0  0.0  0.0  
0.0  1.0  0.0  
0.0  0.0  1.0  


Solution of the linear equations:
1.0  
1.0  
1.0  

